59.11600354268187 -302.6036613947354 -824.0347686989924 
-11.53839380620416 51.09251393038291 144.2079489990583 
-134.17963244770468 515.2699111578435 1526.9289397457908 
-293.0362801509236 984.841734054638 3104.3808169788285 
-473.83862078268095 1403.269061838848 4763.6951855778625 
-664.467206330593 1741.928047542204 6439.784920514105 
-855.004365876539 1989.8323312428195 8092.4036600067675 
-1037.1592240871917 2146.7952053001563 9692.36463709903 
-1203.649555520183 2218.8245215341567 11213.937786089167 
-1347.6946310247708 2215.634088386371 12631.279994437278 
-1463.000502657785 2148.844193160757 13917.027566674726 
-1545.0894081899219 2030.5982794120432 15047.211112791458 
-1593.0888046133555 1873.1882435420032 16017.987287666516 
-1767.9792217178601 1906.2510835659161 19047.96452931262 
-1714.8517706744144 1795.1999892582023 20407.649472887188 
-1611.0395575437053 1754.6611619704788 21422.519436442806 
-1460.4953111034222 1701.9857299302403 22000.536105951665 
-1257.7258226688043 1631.859519755748 22095.637500709672 
-980.0936734822114 1538.5958849967633 21578.39975083034 
-492.41877419142935 1451.938934596515 20033.384992096857 
15.183264370467738 -59.731993736534655 -166.13111778869202 
-20.42676447320204 87.35777006869164 244.80536169652564 
-62.618428029136794 301.0395668911584 859.2931990829306 
-96.79767542442215 531.2431681627756 1565.4909419865032 
-118.71607045202795 750.187309797222 2311.6882348555146 
-128.22011245000826 941.8429128301351 3068.486575548454 
-126.61019769608616 1098.2161170047384 3818.027274393967 
-115.59849998180499 1216.5070320541195 4548.163996327551 
-96.98829473705096 1297.0857074576263 5249.296483000402 
-72.4888016548232 1342.1606796800472 5912.35546714475 
-43.64072455623904 1354.5242052840229 6525.946925358848 
-12.057181420227057 1336.3673585783906 7073.353520888016 
19.993625490583288 1291.0901835375125 7546.460094923609 
60.566374133551854 1365.7434784279992 9024.528181548494 
107.71074356058026 1324.0619409254696 9639.80210080087 
150.78288591758235 1293.6001824618324 10129.358355199935 
183.19521475804544 1250.3493090304758 10471.392731016414 
209.14885156962742 1194.6165849132292 10679.631793779368 
233.61165625651475 1132.034400836986 10826.38236659468 
277.1618458518251 1086.2842553754492 11144.927481212886 
0.9020613970049792 -3.2841612815054693 -9.158737601214442 
-22.625381659478588 91.69905547131864 255.60993223585055 
-49.63506931609778 231.13168313846856 652.828041410858 
-70.57607990080683 384.24422371745385 1116.4180061869927 
-82.50874460459222 531.974125487818 1611.8675906527617 
-85.40547380576709 662.9255123674694 2118.7630873787825 
-80.31323788413314 771.2094042122715 2624.5662339617115 
-68.6044738931257 854.5838868826521 3121.2148805163697 
-51.72765204961865 913.1955177936252 3603.3796963871127 
-31.04115545656 948.7016171938408 4067.5218825774214 
-7.666779507938945 963.2614441530344 4509.57974313215 
17.445660528136393 957.3446249583767 4915.778917816572 
42.17100951369433 928.2407483198532 5254.450879625973 
74.96036838100723 980.0998574086753 6267.9765343248755 
106.98243386661066 955.1364382545693 6701.990424955873 
135.04956959330931 928.3515416885824 7054.486022658555 
154.34256736091936 895.9091194096394 7324.5092821361 
167.82642420807514 858.5857404773994 7532.0959802080215 
178.54149897361498 821.6136677593938 7742.814848415648 
198.68013895465813 799.2221921304567 8121.885208930632 
-15.024115400586803 47.44762090209357 133.73434921867627 
-36.55729230929382 128.56233087597175 359.9249199287241 
-57.5618499410128 230.2720337120326 651.0742321995424 
-74.29702355272971 341.20504226300983 990.8787606861206 
-84.68174225487948 448.3098331624158 1356.9016263580488 
-88.55049116842234 543.2567583530652 1734.2513040641707 
-86.56058198481404 621.674203870414 2113.5564580310383 
-79.66849152566715 681.8810286114239 2489.047448180409 
-68.93908922831633 724.096459810221 2857.6847683796427 
-55.40767864865272 749.9389363270643 3219.316220771928 
-39.90489681944471 762.0245968860268 3577.104713083549 
-22.670782334085494 762.2142099665873 3931.0118736694153 
-3.9374222993808523 743.4433096166883 4232.203961002499 
13.91290844909192 779.1317863304283 4993.637410443642 
35.99271152209114 765.9354546083367 5375.829827957268 
55.3493657166812 742.4768853045972 5690.812255159465 
68.17808183740584 716.0465894835125 5945.181842821867 
76.58212585422321 686.1242765983756 6145.949129728435 
82.00078594633803 653.2813718190525 6305.009731826647 
87.77521478827185 619.8703050858586 6462.51150324291 
-174.40233255881193 555.2902772416548 1556.2169323631185 
-194.24250516598573 694.2137849394552 1922.0121513362465 
-200.13209405983451 818.8701105145939 2283.1746203523885 
-198.0728716111593 935.7911814290726 2676.3223166847943 
-189.30723641130282 1037.3767102929553 3090.165987602434 
-174.9403308306024 1119.073194807471 3514.60231243544 
-156.00481462183512 1179.2163889536398 3942.926986702672 
-133.50520940892036 1217.8802406194743 4371.088296021152 
-108.47865156357132 1236.5392196682692 4797.378614149548 
-81.93192913919496 1237.8258092299127 5223.266706156174 
-54.713535196254696 1225.7629996717735 5656.597613364581 
-26.831616010322062 1206.608053291601 6119.270710250867 
4.965090139335733 1184.1288955321772 6624.423019227966 
36.78858498226113 1278.719528493568 8110.825539527375 
73.98053357545602 1296.5190359240119 8978.189516124592 
109.17185335655827 1284.5722932305714 9780.671187299647 
135.08949883161225 1271.0451224151961 10538.707185622336 
154.90402318228502 1253.1134987406142 11249.886719118502 
171.39518182025319 1228.0917652440985 11887.944365832374 
197.6670895309216 1191.8859941754781 12399.671375808251 
-170.62383094152557 1386.6362079199325 3614.891355644208 
-153.24790320638513 1625.700527693674 4172.834040665153 
-109.63748693186396 1813.1423067699398 4675.239121801473 
-52.19992022230191 1968.0350447205296 5193.944175726784 
13.454985126003283 2088.554204028684 5726.975364934033 
84.18975145512324 2175.073319313953 6268.931385197455 
158.21693778436466 2229.701869367617 6815.795051246213 
234.30308949490052 2254.972057455873 7365.06358340303 
311.36681711394056 2254.1891652172385 7915.770627174414 
388.47289909323206 2231.35457596506 8469.312994307333 
464.99307526905756 2191.6365135599362 9032.801460771983 
541.3379948263148 2143.777243224791 9634.044485773547 
628.0434569421066 2119.09764055943 10420.445541345507 
868.3294359392137 2225.7745291369765 13254.850682297325 
1014.8132615635826 2289.6318361925105 14775.842239000862 
1165.1432119563253 2295.133064560596 16297.69854908956 
1300.9229367003827 2303.4835965124157 17802.370837173363 
1426.9499097017701 2309.521591507808 19285.78636080479 
1549.3695180551767 2313.690392549792 20735.21633088163 
1711.8172693167926 2325.254064495169 22269.21518568594 
