20.67989970671171 -17.34309419482164 3.883742709222003 
20.250546627171353 -16.500851085408698 3.547319642415379 
19.821261911513375 -15.657908875992327 3.219733762561071 
19.39222729498531 -14.814082369902005 2.904413626456887 
18.963498408308386 -13.969144268067664 2.6043893022621063 
18.535070190003747 -13.122887583421537 2.321890169681395 
18.106914044966324 -12.275155390073031 2.058314898162153 
17.678996512065865 -11.425844256466409 1.8143472007408685 
17.251287495571994 -10.574897290402156 1.590093679165999 
16.82376001672208 -9.722296135362374 1.3852251481928188 
16.39638997713953 -8.86805347502036 1.199101346960724 
15.96915674985329 -8.01220586181643 1.030897384637704 
15.542043980710638 -7.154804448650276 0.8797501155916959 
15.099210068102568 -6.2464612534155055 0.739089112581335 
14.640664612968157 -5.287179462984366 0.6083539141289267 
14.182184877026875 -4.32665392867248 0.49026852749515426 
13.723705717674273 -3.3652439953837052 0.381250824616464 
13.265234438063391 -2.403076323210751 0.28023786621443647 
12.806787363320572 -1.4402055218478198 0.18689529942373462 
12.348393398631124 -0.47929859840556543 0.10177357913014812 
20.924054699041477 -17.344136222364966 3.9072232146912476 
20.520304714955238 -16.502470330140515 3.5704469679119555 
20.116701748994622 -15.660153430222508 3.2410687699676037 
19.713350815497556 -14.816883008856953 2.923111161043373 
19.31027182817259 -13.972375843999867 2.6199844007568105 
18.907449308974925 -13.126410492341407 2.3341344757471947 
18.504855476864783 -12.27883746187063 2.0670803218950136 
18.102461518348676 -11.429570614655205 1.8195839770379696 
17.70024305645584 -10.578574504359462 1.59181707433423 
17.29817918295167 -9.725853497675912 1.3835060414530145 
16.89625180394451 -8.871442342216975 1.1940557263863458 
16.49444581857218 -8.015397293151155 1.022670610843457 
16.092749337455206 -7.157786050145411 0.8684904842645023 
15.700192488608767 -6.249354656312564 0.7243542916369574 
15.316777265522017 -5.290151360630784 0.5893314205128974 
14.933424318435844 -4.329725943365628 0.46704281625508265 
14.550088193221208 -3.3683801458788896 0.3544697408085399 
14.16677246101592 -2.406253486391442 0.2503241615492058 
13.783486328421223 -1.4434170735371783 0.15402434215189523 
13.400246844909434 -0.48091334896168214 0.06569399051544837 
21.168131363679997 -17.34488598881825 3.9315801531813994 
20.789987076943497 -16.503767870573817 3.594542848936903 
20.41207381344126 -15.662051272508254 3.2634661273798513 
20.034417559174763 -14.81931795234287 2.9429666950885105 
19.657001062756482 -13.975229054234468 2.6368348249297093 
19.27979763205537 -13.129548277167993 2.3477327586966967 
18.902779879882573 -12.282132920797606 2.077299317673499 
18.525923380741705 -11.432913444549264 1.8263745173149961 
18.149209264036315 -10.581875140316853 1.5951947256499341 
17.77262250963428 -9.729044411978133 1.3835417467383821 
17.396150878682427 -8.874477437675445 1.1908653624121643 
17.019784699418626 -8.018249656796545 1.0163993145131198 
16.643516543721457 -7.1604450044896755 0.8592862761512929 
16.301251365333982 -6.251929838156532 0.7118675257784268 
15.992984955234949 -5.292795989481803 0.5728421155639569 
15.684777090428097 -4.332460967988092 0.4466350237237233 
15.376599856778238 -3.3711701032994545 0.33079123454051773 
15.06845394031403 -2.409076784052654 0.22379774997332813 
14.760342363295912 -1.4462697210310806 0.12482553330572431 
14.452271661551109 -0.48234779480904255 0.03357945433112147 
21.411935862704787 -17.344620234225626 3.958982437796502 
21.0594063141375 -16.503947583500064 3.622004174616213 
20.70721038659142 -15.662744393096762 3.289554837577832 
20.35528702010425 -14.820482211985343 2.966845935543572 
20.003576766529736 -13.976767555320155 2.658047135405884 
19.652038948502934 -13.131347869414954 2.3660357117780695 
19.300645112565 -12.284085014083036 2.092569047382447 
18.94937431904546 -11.434923626792772 1.8385639289289872 
18.59821246574595 -10.58386727884726 1.6043204289310455 
18.24714978676171 -9.730962027574536 1.389674905991575 
17.896179378995946 -8.876283280736791 1.19412146766428 
17.545296662709433 -8.01992386027547 1.0169227253367554 
17.194498658824635 -7.161982855193164 0.8572240571810198 
16.902575904859155 -6.253399295743442 0.7071920879746758 
16.669522871031546 -5.294303455841105 0.5651548937258148 
16.436523652755056 -4.33402505155582 0.4360186671780878 
16.20356041054881 -3.3727571419422837 0.31789326969790155 
15.9706338880811 -2.4106705034542704 0.20904118234175867 
15.73774416928633 -1.4478752823532077 0.10838635664086838 
15.504891939636527 -0.483155734998786 0.015242305312722379 
21.655408885649514 -17.343117655734147 3.9900937118834063 
21.328505086250793 -16.50276587139124 3.6535643443279646 
21.002060150064292 -15.661970258434733 3.3201393220022073 
20.67591620633123 -14.820098879727272 2.9956257305168137 
20.34996548198152 -13.976704845183292 2.6845718766246662 
20.024149939378816 -13.131517649487723 2.390068579053584 
19.698438280483092 -12.284400994816119 2.1139901694797656 
19.372811952676983 -11.435310750144872 1.8573287366151603 
19.04726072336384 -10.58426577153859 1.6204468025295367 
18.721779308856803 -9.731328866575902 1.4032342794232475 
18.396365509371087 -8.87659199210536 1.2052288599325944 
18.071019426657237 -8.020163158336677 1.0257215492871992 
17.74574251580573 -7.162155290791168 0.8638602131908093 
17.504224000554217 -6.253522069091556 0.7120302267324293 
17.346462975944732 -5.294425948691169 0.568187909341286 
17.18874982040294 -4.334163022009987 0.4373275012330773 
17.031067676912215 -3.3728791211472036 0.318125147246467 
16.873420930814596 -2.410766694288531 0.20861934891874953 
16.715810681106326 -1.4479619918628426 0.10748739756798799 
16.558237442420605 -0.4832006411054446 0.013684918544910774 
21.89987566620195 -17.34532304663421 4.010085521471224 
21.598564605250846 -16.50566567999331 3.672836274600776 
21.297769762304284 -15.665594921017464 3.337245579463053 
20.997265730549188 -14.824355192129287 3.0097137765905257 
20.69691478408859 -13.981442529191526 2.6951700735662687 
20.396651643299 -13.13657356869593 2.3969232963373197 
20.096447496894953 -12.289622003072372 2.1169695597246663 
19.79628947340762 -11.440563766447102 1.8563806592290248 
19.496173904412746 -10.589441977530655 1.6155853287222326 
19.19610230290789 -9.736344897877649 1.39453003481341 
18.896079068473796 -8.88138906960029 1.1927982756408646 
18.596110215119626 -8.02470426959341 1.0097108764250053 
18.296201676701436 -7.166421209238711 0.8444188425519401 
18.104902082348804 -6.257682170584873 0.6883468833886026 
18.022197327205156 -5.2987005600320565 0.5390819014589986 
17.939538142411187 -4.338576446535531 0.40288489017436246 
17.85693591158966 -3.3773933146015107 0.2789940615250519 
17.77438791690519 -2.4153524410699494 0.16522231447463226 
17.69188442025053 -1.4526021839144945 0.05999922622160174 
17.609408738361594 -0.48553310571367264 -0.03817780666264383 
