3.6598019833256563
7.511614792371899
7.767687569808973
8.023802129453543
8.27992248995082
8.536012936689918
8.792043768374027
9.047995948242557
9.303864289826786
9.559658983860206
9.815405379809444
10.071141972651926
10.326917466307833
11.262481542174221
12.64784485042416
13.503186308100293
14.358241804995396
15.213062415553262
7.927038497412394
0.0
0.0
3.4357173960296628
7.438292791996299
8.198340989631768
8.964563287612581
9.454619624010345
9.922877207667067
10.677230916273427
11.447567704229456
12.237814670183955
13.052589993462545
13.897166235916123
14.775531390353914
15.687738300201808
72.07797195390685
123.55760227746693
24.084990603553216
27.025698197561553
31.27598586182428
68.61010039930794
34.87114323048477
18.614634777899845
4.445987487796172
9.364031613444556
9.993583218662412
10.623217078571908
15.857103284948689
21.60763966709156
22.926055111457337
24.2440954859835
25.561596151964956
26.87854924786299
28.195078858978373
29.511408529453796
30.827827565322988
34.233909237872325
39.15459188973867
42.48966174768522
255.38739472832452
498.48847654112905
452.3617892177139
284.1390934329383
0.0
4474.0297824656645
