35.92618433752091 -4.929217827292904 2.716263893985005 
35.04875553113233 -3.5356586975442967 2.5968765115386496 
33.92939694603996 -1.7579614843760063 2.4445754050453656 
32.822115068570646 0.0 2.2939417538992215 
36.533003273620736 -4.93015953282803 2.7050644706553633 
35.9594257315039 -3.528899730367689 2.5792787016333216 
35.232120299273824 -1.7518725298551472 2.4197712885140112 
34.698966899726976 -0.44843796114953793 2.302809872676344 
36.949449404978225 -4.930745272927726 2.697375916506938 
36.58997429361191 -3.53763516306653 2.5684137202839517 
36.1313824754854 -1.7601647918368135 2.4038826481613205 
35.644528724848904 0.0 2.2416601767771405 
