20.889003792105484 -17.78152038968319 1.5690715811387947 
20.566532777264452 -17.13050477319819 1.5140624508965956 
20.13789528096039 -16.265002903839974 1.4409308112317671 
19.709339580397902 -15.399499357771449 1.3677767017811928 
19.280857476120065 -14.533996839623581 1.2945731875907311 
18.852441090482163 -13.668497869933105 1.2212945261723858 
18.424082915754784 -12.803004730467462 1.147916995136532 
17.99577591001539 -11.93751942219674 1.074419569411455 
17.5675136121522 -11.072043632341774 1.0007844768617242 
17.13929025465281 -10.206578707764558 0.9269976569843841 
16.711100854505503 -9.341125640396912 0.8530490635102619 
16.28294123138308 -8.475685115584303 0.7789322130718712 
15.854807923449275 -7.61025763144654 0.7046427855126657 
15.415793950391567 -6.718667410810467 0.6282302259845046 
14.963732626412535 -5.777595564879278 0.5490583222930004 
14.502405220965391 -4.813387682137032 0.4678623591458377 
14.04123669125473 -3.849166153705528 0.386296500753846 
13.580198211627483 -2.8849387955526704 0.3043581624288973 
13.23604151840099 -2.1650160751236007 0.24295599568775325 
12.668503715603476 -0.9610167521257845 0.13816370630160155 
12.206238332647352 0.0 0.055385054267277294 
21.426973616252962 -17.785006264247492 1.5292278525480225 
21.156854100397556 -17.1306850445792 1.4689005532627688 
20.799970223161804 -16.266165568646198 1.3893080090812004 
20.443064298400245 -15.401542212519189 1.3099022759525036 
20.086153781713946 -14.536836925976514 1.230746401761598 
19.729244590118476 -13.67204774595093 1.1518912216920323 
19.372339708353554 -12.807169920725082 1.073377314386951 
19.015448101603706 -11.942217590241171 0.9952369594496552 
18.658572482935398 -11.077194055941256 0.9174914190543296 
18.30171380091277 -10.21210242067104 0.8401518962884872 
17.94487182053722 -9.346946586465968 0.7632198465998891 
17.588051477431545 -8.48174566038618 0.6866904575577353 
17.231257516792322 -7.61651940925637 0.6105558101469929 
16.8825627859935 -6.723015987451974 0.5316946655906131 
16.62149371913766 -5.780939820777706 0.4455340500272367 
16.37024647234455 -4.818941346095292 0.35781029041029533 
16.11870270934078 -3.8556058600475875 0.27075028487977315 
15.86715610721535 -2.8920885496248814 0.18440679618121603 
15.615478892179942 -1.9279345033704283 0.0986632204749735 
15.364145775248952 -0.9642085845743511 0.013549716855514777 
15.17681571728701 -0.24259708619837805 -0.04975377067484847 
21.849906952651796 -17.787737643102357 1.4980080493782555 
21.62348738998649 -17.135687170086257 1.4341859939244175 
21.323312970291667 -16.27135446804761 1.3496250625383912 
21.023093476062893 -15.406985290203107 1.265175585809521 
20.72248242969827 -14.480879800681784 1.172767298731148 
20.454399565294622 -13.677832532882345 1.0952748305827458 
20.153405768747504 -12.81318423309825 1.0138838622124051 
19.852378750315456 -11.948475970282988 0.932945679236171 
19.551328680407753 -11.083707547034555 0.8524943477087759 
19.250263056768024 -10.218879437200904 0.7725507015580135 
18.949187037635305 -9.353992891227206 0.6931225538169139 
18.648103917081013 -8.489049791959193 0.6142073428139273 
18.347015748514988 -7.624052217559805 0.5357976151698556 
18.070123241037336 -6.732768689772734 0.4546722871608505 
17.955876369106686 -5.792446063614319 0.365172945123908 
17.857329466466712 -4.8290392212147975 0.2739556883066633 
17.320757023274524 -3.6827671313078074 0.1870953879448963 
17.24664304886151 -2.9023617912719195 0.11202922400299423 
17.204392690051883 -1.969730906832949 0.02009411652849422 
17.183832657001183 -1.1120162542822936 -0.06574848822506599 
16.976117173229532 0.0 -0.15195386683586332 
14.05952702441419 -6.119665888121795 -0.8278487868372647 
