20.836711066670546 -17.76385289922632 4.047957827932271 
20.401005168715308 -16.921793276093105 3.7078509140266727 
19.965203548603675 -16.079075936002628 3.3752949668508387 
19.529595439442115 -15.235594388462303 3.05358211719287 
19.09429327169384 -14.391143504399102 2.745980369441789 
18.65931362980077 -13.545501797209532 2.4550917468707576 
18.224634956794315 -12.698483978360548 2.182664656630555 
17.790221181918028 -11.849957721078093 1.92968786960886 
17.356039111015264 -10.999839791706128 1.6965008534057129 
16.922058871995727 -10.148088865238115 1.482944806702254 
16.48825333092734 -9.294698142275486 1.288492336713588 
16.054598411905715 -8.43968871164649 1.1123677473816984 
15.621074166801685 -7.583102700426885 0.9536822586758625 
15.18766560279737 -6.724991991376057 0.8115968880978557 
14.710268869271191 -5.7664607303244955 0.6741118209353686 
14.23301092436183 -4.806388506817955 0.5522910110532029 
13.755747329961855 -3.845358897998286 0.4400633107315121 
13.278482238881733 -2.8835359047556017 0.3360539406658271 
12.80122803205907 -1.9210024907522405 0.23962435755651842 
12.324008605837 -0.9577767422710102 0.15086809672824286 
11.846863899452805 6.139038965421125e-17 0.07100647982984266 
21.068108058065395 -17.764677519613766 4.071046259987282 
20.657940889470748 -16.923137513001063 3.7314691879119146 
20.247805975943123 -16.081063533981308 3.3976503087785845 
19.837892352026472 -15.2381965005625 3.073588539578856 
19.42825987444814 -14.394248780069324 2.763033012172261 
19.018906687535114 -13.54896945964609 2.468865056986947 
18.60980907270961 -12.702173881015975 2.1929870899602752 
18.20093487088397 -11.853744141252365 1.9364745166187047 
17.792256346843097 -11.003617372126252 1.699736920264525 
17.383749668699892 -10.151774980258267 1.4826755327395669 
16.975393856307548 -9.298233080099912 1.2848142225554593 
16.567170732309535 -8.443034158297042 1.105416300844474 
16.15906553039459 -7.586238500014271 0.9436127580844751 
15.751067006493344 -6.727913013779111 0.7985507263279371 
15.348810122121511 -5.769418848443272 0.6570360472230694 
14.946667400724674 -4.809469144004303 0.5305867698426292 
14.544536852519268 -3.8485200709268095 0.41449848476445983 
14.14242018234415 -2.886747483881168 0.30715635797523433 
13.740324509340578 -1.9242479152813123 0.20771167707322066 
13.338264483535793 -0.9610585604314927 0.11597335546237228 
12.9362651896438 3.1818983366832795e-17 0.03259154790455607 
21.299459816285694 -17.765341548152374 4.094616784503593 
20.9148309334377 -16.924303132922883 3.7556225893287953 
20.530366189962592 -16.08285636725413 3.4205946638953493 
20.14615281808559 -15.24059097089452 3.0942389507731605 
19.762197026471 -14.397137258065634 2.7807856823204706 
19.378477912959937 -13.552214774787055 2.483395316256391 
18.994969278105277 -12.705639141958015 2.204124048879501 
18.61164270603224 -11.857306486202003 1.944133706543668 
18.228475787575963 -11.00717389090378 1.7039037991103996 
17.845450617441774 -10.155245086818361 1.4833954365511652 
17.462552271149267 -9.301558713514396 1.2821836291878745 
17.079768394555558 -8.446178309030538 1.0995706117030921 
16.69708936590954 -7.5891820612447605 0.9347070982577161 
16.314507723068306 -6.730651798538385 0.7867263226210651 
15.987400799957255 -5.772189865294976 0.6413476898215745 
15.660384755680326 -4.812357042408568 0.5104352230845098 
15.333397032074593 -3.8514828597231214 0.39065154313488426 
15.006437409104823 -2.8897556428840634 0.28014185511435186 
14.679508203968352 -1.9272860507600333 0.17784733213392948 
14.352615444772306 -0.964131110398979 0.08329230747445356 
14.02577029496438 2.2447590550923625e-18 -0.0034350934516516017 
21.530635492129264 -17.76538042944645 4.120063984430072 
21.17154316814052 -16.924773437873768 3.781859119523961 
20.812762077206603 -16.083891026185736 3.44583191229883 
20.454271406178936 -15.242177139434359 3.11739626273445 
20.096019533549374 -14.399181792428143 2.801263398692738 
19.737964150209677 -13.55459454288954 2.500872205014351 
19.380075333037656 -12.708229924219188 2.218431769151546 
19.02232775361038 -11.859996557681603 1.9551895059669415 
18.664703811498654 -11.009869867395155 1.7116941155908245 
18.307191085738655 -10.157874321973242 1.4879659826239535 
17.949780325562482 -9.304069572853553 1.2836307940659837 
17.59246470678248 -8.448538860915207 1.09802938255843 
17.235239607171238 -7.59137728263126 0.9303320036641026 
16.87810147566688 -6.732681173936704 0.7796579429098967 
16.626183877928288 -5.774232539815471 0.631060225989599 
16.374339097038554 -4.814494652928328 0.49632795980380323 
16.122532263121467 -3.8536733845813425 0.3734919313278008 
15.87076326756619 -2.891971933992737 0.2604577502486326 
15.61903141572652 -1.9295172574962045 0.1559566877931485 
15.367336544418801 -0.9663890272754035 0.05922865982749684 
15.115679528780015 -2.734043517932689e-17 -0.030164667246930888 
21.76125606500158 -17.76344852241211 4.1514274385301295 
21.42769485582736 -16.923051749432265 3.8146627519797844 
21.09463992123127 -16.082535526389737 3.4782975494815465 
20.761942721343488 -15.241215121524059 3.148456626041264 
20.429480620305604 -14.398565778771175 2.8303318740257466 
20.097182460655134 -13.554245657837017 2.5276383981000574 
19.765010677626332 -12.708063896156435 2.242735373626806 
19.432940962949555 -11.859936770805485 1.9769531800773061 
19.100958894087054 -11.009852968306424 1.730907386681292 
18.76905614016863 -10.157852694366461 1.5046757501227381 
18.437227920021638 -9.304011841749436 1.2979331677400516 
18.105472014911037 -8.44842910283861 1.1100580437009475 
17.77378834490325 -7.591213348725757 0.9402396003254979 
17.44217767717948 -6.732474123115663 0.7875830174006625 
17.26557350090826 -5.77397910157535 0.6377991796982574 
17.089040542443584 -4.814266966922095 0.5012754127280549 
16.912534599116814 -3.853429332995451 0.3774142513018356 
16.736062093210677 -2.891691846820578 0.2638828615520765 
16.55962496156 -1.9292046063467605 0.15920328305664944 
16.38322451229469 -0.9660787981640774 0.06233152720836154 
16.206862785201086 -5.696021229924833e-17 -0.027585062448280368 
21.9922225124916 -17.762744577927016 4.179104581699558 
21.68419581021769 -16.922695852413028 3.8433745418379495 
21.376840548612776 -16.082669291250905 3.5062593084017775 
21.069892724177297 -15.24184083248558 3.1745927410474497 
20.76316690152527 -14.399607504446887 2.8540476028860287 
20.456567711444688 -13.555596947194871 2.54861659373389 
20.150052388741457 -12.709615586726557 2.260810723514194 
19.843598933395615 -11.861590370916632 1.992044971211595 
19.537197116910427 -11.011526412906617 1.7430032214338926 
19.230843567233244 -10.15948277138345 1.5138217883903102 
18.9245387230504 -9.305554552876085 1.3042256934073013 
18.61828554712025 -8.449858550202666 1.1136315517304585 
18.31208878669477 -7.59251936179765 0.9412479104877979 
18.00595327350289 -6.733660549007438 0.786165941860195 
17.904585196667625 -5.775156329651969 0.6339292807024794 
17.8032764808347 -4.815513054385043 0.4943502167488714 
17.701996657707607 -3.8547022219422136 0.36820080102607566 
17.600754680607633 -2.89296720778733 0.2529090383839241 
17.499551601597105 -1.9304769870189018 0.1467873191398941 
17.398385425689426 -0.9673687343513241 0.04850743060897692 
17.29725222118807 -8.655844144893426e-17 -0.04326747652993423 
22.226106969576712 -17.772400475759564 4.175681753621083 
21.943643391911 -16.93386260629399 3.837565047536188 
21.661764373604377 -16.095367402660692 3.4962235985508414 
21.38019390645968 -15.255861594269552 3.1591848888059 
21.09875306082611 -14.414634931967347 2.832604292117871 
20.817361372972737 -13.571291946639592 2.5207637065525224 
20.53599147286081 -12.725659001163564 2.226340712401783 
20.25463453588761 -11.877699150485848 1.9508486812181787 
19.973293100455223 -11.027460629621217 1.6950520146775563 
19.691976082415728 -10.175047637753819 1.4591555856276948 
19.41069546999644 -9.320599572488769 1.242942247486748 
19.129464267281985 -8.464273675077305 1.0458722222268875 
18.848294452229954 -7.606226745669031 0.867176402518386 
18.56719278078857 -6.746603195825401 0.7059327808531557 
18.540408467490327 -5.788403532875363 0.5405566185676417 
18.513585117643935 -4.829192795270054 0.38726010075029427 
18.486900606018658 -3.8687729480324236 0.2481659673197637 
18.46033267175289 -2.9073652795910303 0.12045700665065187 
18.43385181687439 -1.9451216645498695 0.0022324365749515967 
18.40741246327025 -0.9821586426554084 -0.10812287604875077 
18.38094450299004 -1.1597487875647946e-16 -0.21301943948952798 
