20.820682784514556 -17.996782918271236 1.6002492757576243 
20.387596372492528 -17.131089990122668 1.5286061018071886 
19.95450341072139 -16.265408018552705 1.456837693590197 
19.521396537167735 -15.399743181358831 1.3848734385583514 
19.088269506284355 -14.534100782678642 1.3126527101414511 
18.655117395860536 -13.66848525485701 1.2401248464058565 
18.22193672016894 -12.802900159487612 1.1672491381495251 
17.78872546103693 -11.937348187680227 1.0939948258469012 
17.355483028406905 -11.07183115966071 1.0203411042213313 
16.922210161910414 -10.20635002384592 0.9462771328184534 
16.488908784960927 -9.340904855553774 0.8718020507505413 
16.055581687575312 -8.475495019334156 0.7969231212456966 
15.622231905479932 -7.610119724282918 0.7216493843796521 
15.188862915952901 -6.744777645651052 0.645995982102879 
14.711524552037964 -5.780163348490953 0.5659939588642041 
14.234144995810173 -4.815620274606887 0.48517784985528356 
13.75673034585362 -3.8511458153969524 0.4035774715323037 
13.27928752907277 -2.886735346581951 0.32124567964837386 
12.801823913102872 -1.9223822267562598 0.23825838581710812 
12.324346953924591 -0.958077796421339 0.1547145685597491 
11.846863899452805 0.0 0.07100647982984266 
21.05267702595587 -17.99810695059902 1.5851155170005284 
20.64494598621901 -17.132632970107867 1.5109697598742422 
20.237212076556613 -16.26716263869146 1.4367822936327674 
19.82947245577968 -15.401698012110794 1.3625296208203626 
19.42172470961573 -14.536240855438434 1.2881915665653179 
19.013966919541794 -13.670792643779365 1.213751270340536 
18.60619770043498 -12.805354562672033 1.139195181379512 
18.198416210912487 -11.939927508192248 1.0645130574889146 
17.790622140210473 -11.074512086801056 0.9896979667873039 
17.382815675433097 -10.209108614989516 0.914746291765211 
16.974997452997812 -9.343717118779283 0.8396577349938419 
16.56716844273554 -8.478337387681888 0.7644347023674039 
16.159329706122925 -7.612969159507825 0.6890801907256346 
15.751482485278014 -6.747611994329512 0.6135992284638142 
15.349350550138663 -5.783198160223547 0.531305902031626 
14.947200420489633 -4.818808047599255 0.44874143782317766 
14.54503429267976 -3.8544407898260133 0.36591574147187617 
14.142854765492237 -2.890094848775097 0.28284639386947624 
13.740664711038807 -1.925768014152125 0.19955865879634052 
13.338467157358508 -0.9614574030071377 0.11608548852131205 
12.9362651896438 0.0 0.03259154790455606 
21.284708749809184 -17.999386666481897 1.5704882975265586 
20.90233904688442 -17.134126791499963 1.4938953032316271 
20.51996997005935 -16.268863257254296 1.4173441345125044 
20.137603095355797 -15.403593996531303 1.3408584197287219 
19.75523975079827 -14.538317234542664 1.264458444803622 
19.372880947198357 -13.673031488526258 1.1881611577857851 
18.990527340291138 -12.807735567521133 1.1119801714211746 
18.60817922034002 -11.942428572311954 1.0359257637881165 
18.22583652534014 -11.07710989551977 0.960004877259811 
17.843498873958637 -10.2117792218041 0.8842211161944007 
17.461165614353394 -9.346436528135417 0.8085747438206019 
17.078835906829077 -8.481082029342426 0.7330633046351092 
16.696508851880285 -7.615715992337094 0.6576837478201558 
16.31418347868777 -6.750338862456359 0.5824309831512243 
15.987264367460256 -5.786111121069018 0.498010607211995 
15.660348864744403 -4.8218595941200135 0.4138621014865992 
15.333435308413524 -3.857585157727116 0.3299754519031485 
15.006522046702585 -2.893289360794746 0.24633295440308983 
14.679607567610404 -1.928974425078593 0.1629092142026651 
14.352690616498911 -0.9646432451273654 0.07967114645876931 
14.02577029496438 0.0 -0.003435093451651612 
21.516886384097894 -18.00049386860633 1.5578329193345724 
21.159901236520902 -17.135429249760943 1.4790081371864514 
20.802919495583943 -16.270353660064405 1.4003087524407338 
20.445946751098123 -15.405260905676665 1.321805561013283 
20.088987727014942 -14.54014566885046 1.2435593450333327 
19.73204607404017 -13.675003506514958 1.1656208890329631 
19.375124256188283 -12.809830849480736 1.0880309890338875 
19.018223519634383 -11.94462500224022 1.010820454828675 
18.66134393226857 -11.079384143281777 0.9340101063906507 
18.304484482387437 -10.21410732580026 0.8576107657520379 
17.947643224971 -9.348794478669062 0.7816232458937369 
17.59081755229376 -8.483446243418019 0.7060402140961619 
17.234004655515683 -7.618063417566417 0.6308525546721696 
16.877201437388845 -6.75264733344059 0.5560450390620597 
16.625520044872193 -5.788549744350792 0.4701370155545802 
16.37385941287685 -4.824380842222922 0.3850441038021175 
16.122214191147208 -3.86014324894829 0.30073633544989276 
15.870578779343898 -2.8958416039004904 0.2171606822150694 
15.618947715048972 -1.9314825645399318 0.13424104897694086 
15.367316026428469 -0.967074806612462 0.05187827150673442 
15.115679528780015 0.0 -0.0301646672469309 
21.749524003750967 -18.001057217895116 1.551393807499026 
21.417996608387707 -17.136128432187977 1.4710164454762862 
21.086473144625543 -16.271181353799914 1.390848169753196 
20.754961944270732 -15.406205650751826 1.3110070753914276 
20.423470035263875 -14.541192452570865 1.231594552359437 
20.092002795738953 -13.676134348180232 1.1526953096527277 
19.760563764781313 -12.811025384711138 1.0743773888728818 
19.429154590471622 -11.945861067207797 0.9966921675996678 
19.09777509587354 -11.080638359103162 0.9196743539532688 
18.766423443667147 -10.215355683284052 0.8433419744197553 
18.435096380149115 -9.350012923534564 0.7676963573529976 
18.103789660380954 -8.484611152448641 0.6927252429481809 
17.772498729007715 -7.619151702900086 0.6184133963880072 
17.441218635072687 -6.753636799642318 0.5447353886244907 
17.26485344258428 -5.789493009631016 0.459355444066243 
17.08851150022599 -4.82523031468959 0.37533458907834594 
16.91218430663388 -3.8608530920197257 0.2926227920166319 
16.73586326487285 -2.8963690822963315 0.2111315765620283 
16.559540329343136 -1.9317893902058845 0.1307340155672748 
16.38320859370509 -0.9671284843508702 0.05126473214923573 
16.206862785201086 0.0 -0.02758506244828038 
21.981875014846185 -18.001959432045666 1.5410814525699383 
21.675759764053865 -17.137203504871856 1.4587283084702871 
21.369650375234333 -16.272421969569177 1.3766678666229284 
21.063558714620903 -15.407600363192753 1.2950654392443195 
20.757494794510063 -14.542726268629586 1.2140629545854278 
20.451466289005015 -13.677789311592926 1.1337789912864837 
20.14547826911089 -12.81278115893097 1.0543087977083738 
19.839533130005155 -11.94769551820615 0.9757242967416545 
19.53363068340722 -11.08252813837094 0.8980740780818851 
19.227768388034804 -10.217276811283455 0.8213833809062773 
18.92194169116247 -9.351941373764397 0.7456540703627328 
18.616144629128865 -8.486523326753325 0.6708689906336531 
18.31037079861416 -7.621024535520663 0.5970068215804893 
18.004613225025974 -6.755448113858793 0.5240319723934479 
17.90351533227695 -5.791368005425953 0.4379241440626576 
17.802452315143515 -4.827121440307159 0.35371892435845115 
17.701412186545568 -3.8627145450722407 0.27134628626724916 
17.600382759791717 -2.8981581549481126 0.1906823825787268 
17.49935255420092 -1.933467814668575 0.11154953617248506 
17.398311618165902 -0.968663778427929 0.033716240548334844 
17.29725222118807 0.0 -0.043267476529934235 
22.211808021037193 -18.005720517207408 1.4980920524560988 
21.930720140875945 -17.14144981742134 1.4101927339358222 
21.64965190996217 -16.277146247899438 1.3226691182152122 
21.368625414395858 -15.41279127524928 1.2357330429391635 
21.087659390818725 -14.548368987058055 1.1495663878182776 
20.806768605862896 -13.683866086291168 1.0643211386534772 
20.52596351671041 -12.819271888167577 0.980119423050885 
20.24525017787924 -11.95457831935794 0.8970535195871714 
19.96463035954196 -11.089779919184714 0.8151858440922973 
19.68410184280424 -10.224873842397297 0.7345489179293452 
19.403658857425423 -9.359859863041947 0.6551453237614964 
19.12329303335499 -8.49473988746902 0.5769532719044446 
18.842995263413854 -7.629516288390949 0.4999456421309939 
18.562755115767672 -6.764193040054763 0.4240770085897274 
18.536511970044234 -5.80110364910536 0.32664522760598624 
18.510392401259352 -4.837800588327853 0.2316557039329815 
18.48437811366069 -3.8742916835279524 0.13901898820215433 
18.45844832653493 -2.9105908075432563 0.0485765131541776 
18.432580936976397 -1.9467178845906252 -0.03989945605179185 
18.40675357704298 -0.9826988931656856 -0.1267058549794809 
18.38094450299004 0.0 -0.21301943948952798 
