44.316177485486484 -28.31974889983926 5.927805627384666 
43.2111069777619 -26.884494350453245 5.384716080563294 
42.1058827357697 -25.44773841438593 4.863890448619745 
41.00094202926138 -24.008760355441105 4.375404315531579 
39.896536682495295 -22.56718676538287 3.9225619268131915 
38.79270151373673 -21.122996346411007 3.5040292038679537 
37.68936561256134 -19.676367127104555 3.11653572373478 
36.58643535487501 -18.227541462213427 2.7566034015409726 
35.48382616848631 -16.776754565215665 2.421309559039745 
34.38147118053108 -15.324199711506834 2.1085646210743514 
33.27932421769623 -13.870001884491254 1.81728794609055 
32.17736523227914 -12.414179937917753 1.5476119124892609 
31.075599368887282 -10.956648016803664 1.3008503293484213 
29.992068789725877 -9.498028447227263 1.0843888243764574 
28.926769338221696 -8.03843218361716 0.896024966301178 
27.861699200212648 -6.57728137922025 0.7272522679236216 
26.796949265688315 -5.114555257577422 0.578597857341177 
25.732641312845878 -3.650225908704834 0.4506909212618985 
24.668947144004434 -2.1842624428947426 0.34423562071843583 
23.606123777439578 -0.7254335547263402 0.2604998718202835 
44.7993983572519 -28.319113844400874 5.974306056085118 
43.75695843948854 -26.8847704844842 5.431953227138202 
42.71458501531369 -25.449075391785286 4.908314929022886 
41.67255750652761 -24.01113481316797 4.414418980479459 
40.63100521483641 -22.570484837372497 3.9547711524402125 
39.58991487603767 -21.127070926403903 3.5289423789030927 
38.549215989804395 -19.681063400016594 3.13421401987011 
37.50883530253343 -18.232705956263075 2.7673837033771482 
36.46871164382621 -16.782234530300464 2.425644002085156 
35.428798096243035 -15.329839813479342 2.1069333720147023 
34.389063134037244 -13.875648367866205 1.8100932499472622 
33.34949345608062 -12.419709012068466 1.5349411851334571 
32.31009007604185 -10.961994411104783 1.2822235802784325 
31.329198176012092 -9.503519238220868 1.0570719497196384 
30.406796444790793 -8.044428797267358 0.8572636848097779 
29.484537729761943 -6.5838666500092575 0.6756337358040052 
28.562460209785986 -5.121899527198388 0.5115944853595112 
27.640608454697023 -3.658569566512621 0.36474332857719416 
26.71903987906782 -2.1939081641438785 0.2346810694082033 
25.7978370445271 -0.7306238312348794 0.1210866804240146 
45.28246141167435 -28.317978869064998 6.022564993609851 
44.30265200576535 -26.884487355353542 5.481178059288508 
43.323142583013805 -25.44981023025108 4.9549614241969655 
42.34405105743079 -24.012880243163995 4.455894084709809 
41.365379705084834 -22.57313791534503 3.989681179004312 
40.3870638166934 -21.130490828697265 3.556797118973157 
39.409031259119594 -19.685098698223555 3.155074335961424 
38.431228130989425 -18.23720520364866 2.781585988262899 
37.453616238026754 -16.787046741606417 2.4336399833873097 
36.4761685142342 -15.33481191315889 2.1092030047436006 
35.49886837603037 -13.880629937802425 1.8070388030599305 
34.521710466263784 -12.424581108113763 1.5266503112220673 
33.54469382727358 -10.966698427030785 1.2682166671913824 
32.666476635403825 -9.508364424247587 1.0347655025923532 
31.887020512049165 -8.049757809647591 0.824053845433464 
31.107626465771734 -6.589768601074139 0.6301076608909153 
30.32828418684961 -5.128551894264739 0.4512243924745925 
29.54896494219971 -3.6662201279036486 0.28596927481529844 
28.76961593166349 -2.202866309398451 0.13283915264389926 
27.990150356169977 -0.7354724651972177 -0.010063660178962052 
45.76497609739971 -28.315106819604487 6.076934230388462 
44.84779693194666 -26.882260951766767 5.53730951227606 
43.931197319758795 -25.44845281360526 5.009328765015641 
43.015120950200995 -24.01243998741235 4.505918489406697 
42.09942742681175 -22.573549829436523 4.033975691857474 
41.18398891114221 -21.131635919170655 3.5948729295263036 
40.268724538745346 -19.686837304374436 3.1869912324317218 
39.35359622231787 -18.23939291518127 2.8076786544682197 
38.438587264626584 -16.789538705575346 2.4543587296646634 
37.52369008980885 -15.337462901988204 2.125027050593909 
36.608904080092884 -13.88330112974539 1.8183705006093789 
35.69423598292388 -12.427170399107471 1.533578135598614 
34.77969037331588 -10.969170367659826 1.2702623208982653 
34.00427307984805 -9.510966323523075 1.0298688126255042 
33.36792895958266 -8.05276710461419 0.8101336292568015 
32.731584595399454 -6.593296217735453 0.6057510769745073 
32.09519586109856 -5.132800104124232 0.4139029870661493 
31.458674290951482 -3.671462383769165 0.23212115200257602 
30.821871370064038 -2.2094353309656487 0.05779636503979038 
30.18454864557838 -0.7391339921252806 -0.1125030325230083 
46.24682291364782 -28.310119151959483 6.138745325882738 
45.392273658109104 -26.877667794384912 5.601852680359378 
44.53863964837607 -25.444547196570085 5.07309948201367 
43.685674861046564 -24.009337740184485 4.566355262392993 
42.833077170457884 -22.571232184095926 4.089699762933678 
41.980641378706885 -21.130010469697375 3.645397191341436 
41.12826924462765 -19.685778722190577 3.232374164793258 
40.275934185791485 -18.238765359814614 2.848252859822318 
39.42363920060721 -16.78920479275002 2.4905727922079306 
38.57139576330303 -15.337286962332813 2.1573592940352655 
37.71922046863392 -13.883158464970172 1.8472233783684362 
36.8671372359462 -12.426979415033866 1.5590411245865288 
36.0151653122097 -10.96892381802962 1.2918587247633548 
35.34270038890574 -9.51083607787934 1.0461758227851263 
34.84967092788226 -8.05295116819108 0.8197066405909439 
34.35660157733605 -6.593932083855433 0.6071772500941193 
33.863432264046025 -5.13412024163893 0.40465305060791923 
33.370031317150556 -3.6737715149675605 0.20863083144688407 
32.876172166861814 -2.2130945898195966 0.015392786192407089 
32.38148627214712 -0.741349717061918 -0.17997472808139273 
46.730671987114036 -28.311474058612664 6.178245901375494 
45.93875363244587 -26.88017011004297 5.641177721485235 
45.14791796237071 -25.448281025260332 5.108679095102463 
44.357775673746914 -24.014216081723937 4.595575996502486 
43.56792004316907 -22.57709769468878 4.111158283280361 
42.77811117535332 -21.136691034790733 3.6586012847040643 
41.98825937115032 -19.69310604582335 3.2373862335612573 
41.1983624718757 -18.246577909382147 2.8454117463460147 
40.40844857213882 -16.797342793078244 2.480332255612862 
39.61854951550011 -15.34558608877456 2.140200343594017 
38.82869537161184 -13.89145167743893 1.8235481638252757 
38.03891204006032 -12.435123631193017 1.528936119529799 
37.24920604041887 -10.976827239209147 1.2548424326455248 
36.679236380469305 -9.518896739399569 0.998914631255863 
36.328914020237775 -8.061605210013637 0.7588475001863734 
35.97844414458424 -6.603237351096402 0.5313073150068823 
35.62769716104925 -5.144218672199815 0.3112455006536037 
35.27644864453926 -3.6848740859574116 0.09412852311567071 
34.92434102657565 -2.2254772498685895 -0.12486238425633736 
34.570811024745666 -0.7478999228695803 -0.35227870844122633 
