-896.2977487436103 1852.4553617724068 6623.382732332064 
-1730.9212342650362 3040.9433030935606 11728.30913456495 
-2738.03828891579 4086.5982666983323 17582.85967841677 
-3851.349592120969 4877.072056091789 23960.72256339801 
-4979.601537980692 5377.266821074881 30478.00479292396 
-6051.344157718402 5627.75662271432 36838.74006114881 
-7020.829404227394 5689.48124644139 42859.71123962232 
-7860.536844315725 5613.695800662342 48439.419145235224 
-8551.575110877387 5435.408361238948 53516.17576550892 
-9078.421214161552 5170.101344092019 58039.49739488834 
-9433.40937063638 4810.636759167244 61977.4959493097 
-9625.27687666703 4327.895758018885 65371.15987529872 
-9671.031238601825 3702.4271622573897 68359.1712611558 
-9505.575250920761 2811.4188657366135 71833.72101541063 
-9161.246413919154 2616.951695485757 76015.68018872246 
-8574.507025016024 2381.419399755379 79378.59504889166 
-7682.293523312031 2140.8645606627338 81721.61835933672 
-6360.2324348182465 2000.678660372339 82614.77149577752 
-4391.667521722848 2097.830114565077 81109.44660389167 
-880.4627381303734 3059.281907586218 74679.5965421318 
-332.3937801848669 983.2887087300237 3204.4935912910164 
-553.2532184191487 1736.166325206947 5717.157183015687 
-723.3159390207852 2457.1078744728034 8388.30862763117 
-833.9840520508211 3122.471735737228 11240.533314021155 
-883.1481480715947 3701.842873767589 14151.814642790465 
-880.6304494784792 4187.458630885914 17013.97470543518 
-840.6865115794355 4583.339547716123 19757.979420820076 
-776.1332540572233 4895.887799437758 22348.356999660034 
-696.3069054339201 5129.58496496859 24770.265087524007 
-606.7665391660678 5283.529131173798 27013.697767872545 
-509.09170423284473 5347.922531704828 29051.37800852884 
-400.9779280479212 5306.659641976379 30835.38007661389 
-279.84348343152527 5156.966618052649 32390.969394150397 
-111.6285018780213 4836.3450419551755 34223.14568189099 
132.08567431902438 4803.765062187749 36169.29649704058 
391.45921387103357 4725.034212872209 37880.93097999524 
695.2488187776141 4612.2277728277895 39302.18866968072 
1061.1839583893009 4495.35931213507 40495.10616668898 
1509.1110263648777 4415.536811023371 41718.75306599529 
2249.6529894776713 4575.8751788432355 43769.44563440132 
-219.37831843773773 643.8123016778113 2086.611209627165 
-377.93752904028315 1212.2974283935096 3922.358664452201 
-480.54987488926884 1728.2138777154928 5732.455907485233 
-534.4818976444775 2201.834840528759 7636.01351060512 
-543.9852131983038 2619.198859855575 9588.670543349328 
-518.4203478081309 2974.9377142745243 11529.90354123581 
-468.89954073500417 3270.8197497038946 13416.726459632366 
-405.0242552851793 3511.0603030243983 15228.03790774496 
-333.8541733302641 3699.665095347631 16961.82384430715 
-259.60936919663004 3838.9235169177814 18628.861087578294 
-182.35600543481894 3926.114359742422 20228.42965014032 
-97.34794560778482 3946.1054994988567 21682.88619196286 
-6.392939279608183 3870.614773597251 22855.35471464697 
118.88025631011921 3696.0849403688403 24117.86009789618 
288.55058127235924 3686.9065420866023 25542.096344183297 
466.8129561357118 3664.2372604125476 26812.052825318093 
670.7457955833796 3637.603856381046 27921.75723155144 
910.6157849023749 3627.911756500903 28953.163163604102 
1200.3970970902665 3680.1251518194626 30186.239763728194 
1699.692576694121 3945.041427120601 32370.080709629867 
-198.32378044339424 515.3460753391362 1699.3603151603013 
-343.93249181819226 981.6087600249783 3202.5170983492544 
-432.10320984291366 1380.1284650359871 4584.354330768964 
-479.4033832858421 1735.7678372787216 6005.56062943755 
-493.0666015899337 2045.9591120782063 7463.555818516468 
-481.11126321846115 2309.5762874148804 8924.93474408062 
-451.90340089073254 2529.179398997561 10362.088415437716 
-412.5356128119131 2708.7490885373163 11761.956677508222 
-368.408799393274 2852.2414934069147 13128.575375798267 
-323.18703638327815 2964.1973499103506 14486.430651468265 
-277.2468311876707 3050.930554181389 15879.067403632196 
-222.69562160920876 3114.211388571767 17302.757466192903 
-151.22461214744555 3101.373791877071 18459.105381413527 
-65.73986480269731 2987.274339416711 19264.61816863036 
58.88214318615954 3000.8592645377657 20542.644979160064 
192.22353380034318 3018.3678399735027 21697.18173690336 
348.81026034152563 3045.8719850640355 22703.349072303754 
535.6132538723339 3089.6955031773887 23543.923060891942 
752.9822906346129 3165.469349053425 24221.3111066074 
1054.220596439487 3332.1459679805685 25126.02809618101 
-631.9225743704947 1671.2063483896209 5465.118183476474 
-770.3164699165758 2260.913780738246 7257.72603001328 
-821.228795876882 2722.725013609071 8844.1778149352 
-816.3351872610402 3094.4397090269545 10432.246113338588 
-774.9338655004055 3393.5036247997655 12044.405534286981 
-711.7132207239952 3634.862710269353 13666.248870124991 
-637.5763099081086 3830.265844659607 15281.690898412655 
-559.8814278382081 3987.4008716871995 16883.153314352025 
-483.48172113063885 4110.101540218375 18476.31165750584 
-411.5839218929345 4201.763551402725 20087.88527754467 
-344.89747501968054 4272.556942775735 21786.028452265233 
-274.0503889805367 4356.342087741251 23717.675646220934 
-168.93596133076358 4458.075519189159 25880.306733861435 
-54.479915645248596 4513.366600897291 28162.640170107356 
131.31706415391525 4669.440784705668 30880.6829636173 
338.36786633510815 4840.561024200453 33386.164244115076 
592.6280707789477 5061.813837827426 35772.31900296141 
915.5801976353066 5348.101731254017 38012.06382857247 
1320.4174161907729 5716.777864068039 39915.48137560638 
1947.0227466370875 6219.419170729915 41732.277166153566 
-584.4314085938076 3919.148696289643 11348.488370539564 
-580.0288915995332 4823.615406789901 13659.815794538486 
-462.19356586002925 5508.959852525696 15698.175170600463 
-268.4917639630455 6025.325795945091 17716.40679840158 
-31.501388728254543 6414.580684260564 19745.464846728064 
224.71376973866467 6716.2594908082265 21784.04816131099 
484.6513137416953 6958.431762406276 23826.307502702093 
739.6704885952394 7156.652040153527 25869.965044086664 
985.3890836217579 7315.675743075599 27920.507326556657 
1220.1231051357572 7436.594856146331 29997.51486640196 
1445.9102967332958 7528.420789311861 32153.023096019326 
1673.6831361777404 7640.06041132131 34551.90277981124 
1952.3608144193279 7933.146389051494 37982.018792340285 
2611.5636878238874 8099.764896465297 43945.23854476729 
3143.9406068627763 8508.58187047688 48623.45490321158 
3733.1701019382385 9000.468959883101 53102.08436920073 
4404.446645659526 9635.308249872018 57535.11571278995 
5198.758520008429 10459.8545506106 62005.2971306231 
6191.332603385133 11598.923105430591 66634.19026425638 
8142.155759857961 13397.813424528093 73445.59182103055 
