21.85654160785697
44.43797513865536
45.40419796582804
46.37026878521932
47.33638150001932
48.3026539703558
49.26911564665674
50.2357124177967
51.2023283521549
52.16882420203728
53.135095285925054
54.101158895088886
55.06720458612975
56.13210979488153
58.158755135613596
60.40826573292429
62.65814221497581
64.90693827378492
33.296060902733586
0.0
0.0
11.989105005144548
26.546345324705687
30.067878409250323
33.75741772363752
37.626715241076965
40.906371000004405
44.257155491692984
48.474853334417666
52.767128774570665
57.05664717393265
61.24203426409725
65.23205952465818
68.9966925533677
319.8243059308368
187.74104562736682
91.21980669584767
99.38878150300738
123.85175464321246
244.3451280339523
117.56493910270353
62.927659355000294
17.89668938045797
37.3930699606255
39.525974798370086
41.65924612817077
43.79306613565783
74.21961127761895
108.03564498743746
114.68955608973167
121.34212732331957
127.99178625192647
134.63795931344484
141.28175160500618
147.92601362972988
183.32920593511432
228.66892560387157
248.5676153946269
837.6971832742723
2275.899120505197
2065.3498533150705
1403.6472693509468
0.0
10000.0
