62.93582012561669 -8.601550521380911 3.779789675275916 
60.926084095003354 -6.1861600898115885 3.4659863364576387 
58.337859664972676 -3.0758005657143084 3.0618755301851333 
55.777087631769646 0.0 2.662153788805366 
64.08994091092202 -8.604757698057645 3.7546114439432268 
62.495625790436165 -6.172622652529898 3.429113056284642 
60.45821076357336 -3.0639574313498543 3.013112589608543 
58.96466777398196 -0.7829295714499631 2.7080162304950433 
64.85158347777674 -8.60668659700163 3.737983196916455 
63.55061453719731 -6.192205677535786 3.408648011067833 
61.87516939902683 -3.082104653702405 2.9844746231878956 
60.2355090126335 0.0 2.5640770807852444 
