44.90545198728496 -29.011444738491566 2.296326128566223 
44.07044365115274 -27.90646942245343 2.2142165889857854 
42.959374375957005 -26.435864604765197 2.105098438495624 
41.848562344648606 -24.96524426554876 1.9961488673360934 
40.7379915641082 -23.494611929919927 1.8873265281720657 
39.62764669889349 -22.02397230025451 1.7785753094982695 
38.5175123205226 -20.553331149299584 1.6698252563718035 
37.40757229766494 -19.082695225603253 1.5609934039236708 
36.297809367030375 -17.612072169662365 1.4519845277697674 
35.1882049101807 -16.141470440169073 1.3426918083221155 
34.07873918008192 -14.670898918126767 1.2330013903405102 
32.969394105305945 -13.200363728474787 1.122832352719324 
31.8601606451596 -11.72986144535301 1.0122265627404208 
30.75386225280099 -10.259101623522518 0.9022315577967087 
29.667110099181684 -8.789784596542985 0.7976824914279905 
28.585287625495187 -7.3222127603356295 0.6940298284353572 
27.50403356792124 -5.854529645669535 0.5907592199667049 
26.423334155954922 -4.386682803854711 0.48864930447085536 
25.61543174093521 -3.2887521878339983 0.41352120058193703 
24.271294441720826 -1.4576717599583238 0.30057314882829916 
23.18764928421247 0.0 0.21109338012342183 
45.85679815807274 -29.01535290545446 2.2466681589925477 
45.151563482773106 -27.901022553896095 2.1520303153286156 
44.22210528769762 -26.4324887977289 2.0269430037437215 
43.29250010992058 -24.963797391001094 1.9015739744610518 
42.36281556160549 -23.495014539172658 1.7761329605584057 
41.433124877497725 -22.026211426957634 1.6508356114801122 
40.50345397573864 -20.55738166835377 1.5258964065034246 
39.573821948825724 -19.088506444183142 1.4015342628427034 
38.64428215725902 -17.619620698519125 1.2779781710565485 
37.71486599521186 -16.150725655684028 1.1554597968983487 
36.78559885535986 -14.681817930879381 1.0342034981118002 
35.856424242768284 -13.21279333989344 0.9143019421763559 
34.927247809740436 -11.743560870877014 0.7954881569173141 
34.02840884416567 -10.270633557736092 0.6759552330542925 
33.32362865877475 -8.801415195082647 0.5506462014637049 
32.65233411687098 -7.337247827141257 0.4242971424982738 
31.980375509315138 -5.871991315312234 0.29625437565590346 
31.307977726580255 -4.406455515260818 0.165118206758001 
30.63487548167079 -2.940472292063342 0.029115906387826115 
29.96189652168653 -1.4737358310598287 -0.1136701673847877 
29.460396238044655 -0.3711922939333808 -0.2257959457266429 
46.700367944394365 -29.01881874400496 2.202630504787385 
46.11381561671252 -27.912307947103802 2.0985726126902757 
45.335613857675895 -26.44426136146147 1.9600089649751469 
44.55741497728268 -24.976222256689802 1.8209717342295493 
43.779224880255846 -23.50818085470191 1.6816489112233737 
42.9695255974982 -21.90214393077024 1.5250770155587003 
42.27665825144248 -20.570700663861693 1.3998189209755938 
41.49096832695774 -19.102408358070875 1.2649684923050986 
40.705082952831425 -17.63399835189454 1.1311704694171931 
39.91907083216851 -16.1654480880022 0.9987732708531537 
39.13298983192589 -14.696734071094319 0.8681201932380158 
38.34687537979097 -13.227844823521647 0.739388384612437 
37.56071858643848 -11.758808626075677 0.6122537817972722 
36.817194977085116 -10.233421527310403 0.47765319985579774 
36.43742801490029 -8.821038302793701 0.338419099307482 
36.06450348050936 -7.356710084860932 0.19194167401584458 
34.92417721663555 -5.60057444110113 0.06298786099021599 
34.53482963308539 -4.426173202947988 -0.046948347724556645 
34.254379986075115 -3.0075818755582846 -0.1958020159070842 
34.02100502824156 -1.6586631343668627 -0.3375060111141146 
33.36139930139921 0.0 -0.5805067953394101 
27.791332290363762 -9.830000000000002 -1.4607607890041943 
