44.75561276497572 -29.03734784585214 6.1919641279425015 
43.6351203220808 -27.602431217471306 5.640524474301864 
42.514156448880094 -26.166378847598725 5.10543329979129 
41.39324738552346 -24.728385813453848 4.600296541686548 
40.272820089855884 -23.28790203903816 4.131183236601764 
39.15301218717238 -21.84477566801526 3.6980319196892886 
38.0337794860193 -20.399132244640704 3.2977832809794574 
36.91502400376084 -18.95120592615946 2.92667984141746 
35.79664621573465 -17.501246494402718 2.5813850406089824 
34.67856477044577 -16.049474214780833 2.259332463089964 
33.560717288405726 -14.596056700514042 1.9588953726554181 
32.44306650006376 -13.141075594113225 1.679578200325158 
31.325606293137476 -11.68447208760641 1.4222987018917654 
30.20835529125113 -10.226104150870917 1.1890504531786659 
29.107228408786263 -8.767160516051145 0.9937490881621186 
28.00631100185563 -7.306657116715653 0.8180841855188774 
26.905686283714065 -5.844563438474874 0.662671561831291 
25.80547948295301 -4.380824751417467 0.528507015380418 
24.70584781485709 -2.9154049600338046 0.4163689903476541 
23.607035165362603 -1.448247188526765 0.3274389994786438 
22.50939928306669 5.560019445471899e-16 0.26386672515427695 
45.2076146897102 -29.036389290367286 6.23689595523479 
44.1496059330121 -27.602264718376464 5.688083257109448 
43.0914195762004 -26.167259890039418 5.151772065117438 
42.033430806746495 -24.730353441890315 4.642161999407012 
40.97590300120651 -23.29086584416252 4.166633189980689 
39.91889362767102 -21.84859515774018 3.7262167556516856 
38.86234346264781 -20.40365187557998 3.3185712732857082 
37.806170968502464 -18.95627062885599 2.94032514940178 
36.75030121201112 -17.506703807164904 2.588307416846673 
35.69467517733814 -16.055170587009776 2.26001654437445 
34.63924809035601 -14.601834359160272 1.9538169169842128 
33.58399428580536 -13.146783832887959 1.6690659327984583 
32.528909192824095 -11.690012625295157 1.4061986604648578 
31.474001005108345 -10.231442793702161 1.1665565091112187 
30.51579821258648 -8.772990783349758 0.9601554618780881 
29.557738261261402 -7.313013787287128 0.7725444474883482 
28.599863483730715 -5.851575580903292 0.6032064538501198 
27.64223334177459 -4.388701910039054 0.4520406732441688 
26.684915267562136 -2.924416225245803 0.31885867966680287 
25.728012943814278 -1.4587268722304285 0.20360231660179015 
24.771673930414476 2.535083974432087e-16 0.10647948406171553 
45.65952714939145 -29.035159965792122 6.2827825134567785 
44.663997840456915 -27.60178876318362 5.736728298191454 
43.668593147813915 -26.16780128744233 5.199331552233507 
42.67353582585492 -24.731961851050766 4.685385686376233 
41.67892280250694 -23.29345879613448 4.203580589296336 
40.68472902955175 -21.852036897137413 3.756038793328239 
39.69087870779311 -20.40778941413334 3.3411361510843203 
38.69730591719122 -18.960950272691512 2.9558867398140922 
37.703959961535496 -17.51177406935043 2.5972851884577355 
36.71080402102646 -16.060478990529255 2.2628949445601463 
35.71781094583538 -14.607224678795337 1.951071647481482 
34.724966997978434 -13.152107687989616 1.6610258027486018 
33.73227021477816 -11.69517503400877 1.3927098985291069 
32.73971979975934 -10.236413997837529 1.1468132349701237 
31.92446795525292 -8.778439176773649 0.9296264498190631 
31.109294181529773 -7.318977489454545 0.7303833005598517 
30.294202421589418 -5.858187606048252 0.5474338818567864 
29.47918878018256 -4.396176138711816 0.3795806197364378 
28.66423302938345 -2.9330259875345823 0.22566795014820035 
27.849301369029885 -1.468810033187751 0.08439761631164697 
27.03433436450065 -4.866487040544529e-17 -0.04594957491004725 
46.11109134213493 -29.03287659923455 6.332385620272549 
45.17802498171481 -27.600108166358204 5.789601893661566 
44.24541809959551 -26.16702052459228 5.251643029371617 
43.31333564350843 -24.732171901937097 4.7338966483748885 
42.38169693085234 -23.29460810181912 4.246357202285874 
41.45038521365031 -21.854008141125423 3.7922340818748976 
40.51930210786234 -20.410439554640444 3.370618036672683 
39.58839409014141 -18.964130970673423 2.9789079783234693 
38.65763332159387 -17.51533763239002 2.6142641429642355 
37.727004634934346 -16.06427712082226 2.2743153250805968 
36.79649857835373 -14.611107176475073 1.9574089367433225 
35.8661145984478 -13.155935225589468 1.6626091370458713 
34.93585749339271 -11.698865473325485 1.3893862488975424 
34.00572308118346 -10.239954847381906 1.1377776881358244 
33.33352673701041 -8.782401022765258 0.911027278235442 
32.66135094903486 -7.323411455730889 0.7013742340955257 
31.98917096778145 -5.863242066353835 0.506035505781882 
31.316928921699517 -4.402081853483869 0.32271612923518556 
30.644525187200134 -2.9400727910061226 0.14929235963328746 
29.9717990708678 -1.477349622014487 -0.016775837861635407 
29.29849657790041 -3.495913645517639e-16 -0.1790775677748601 
46.56155761687216 -29.027270345701556 6.393705215731011 
45.69090219077631 -27.594629914356084 5.855806085574339 
44.82114402086599 -26.16207162692662 5.318935243534587 
43.952173307892565 -24.727973602327342 4.7990758433510265 
43.08369657063307 -23.29120628570282 4.307510519920263 
42.21547641035299 -21.85134362095574 3.8485211624572155 
41.34737291424671 -20.40840064511191 3.421905918110471 
40.47933480170478 -18.962586213941975 3.025445896354846 
39.611352741632274 -17.51415129831784 2.656466975527797 
38.74343150579574 -16.063314086648095 2.3126644576550124 
37.87557957281089 -14.610236237365518 1.9923791616244992 
37.00781353752758 -13.155045594403974 1.69453062188295 
36.140158050341924 -11.697915501710934 1.4181083050757224 
35.272623212456594 -10.238986477445502 1.1624984510103005 
34.743811971746176 -8.781676500297603 0.9300371508799353 
34.21498664677932 -7.323022901127482 0.713827346181574 
33.686124365967395 -5.863386274501978 0.5099520499822611 
33.157142854378144 -4.403042798978764 0.31501694149573095 
32.62788914653475 -2.942192337704577 0.1259268079194583 
32.09810903977376 -1.481023070958782 -0.0611054529160914 
31.567393178548688 -6.465873813869665e-16 -0.25135859035848857 
47.01270798445397 -29.023734522920748 6.447724479106871 
46.204495901783154 -27.59151791258222 5.913704224038986 
45.397554728162746 -26.15971981864899 5.376893231509259 
44.59161047257016 -24.72652206614982 4.853869363943259 
43.78617878022541 -23.2906401912356 4.357213645386815 
42.98091964047943 -21.851567561556156 3.892289410950175 
42.17566341537652 -20.409283397819905 3.459606878078255 
41.37036739379021 -18.96398580254306 3.057330996871857 
40.565043462530525 -17.515924539194398 2.6829532660587567 
39.759717400043165 -16.065317647907953 2.334234772056258 
38.95441547056118 -14.612327078713719 2.009508722387333 
38.149168947494786 -13.157095145739188 1.7075489540378088 
37.34401417646631 -11.699856886187021 1.4268632617784034 
36.538964532815775 -10.240827720580633 1.1661862680703667 
36.15333302582184 -8.783871969224757 0.9256135085399371 
35.767638541659714 -7.325639172028633 0.7004461250030859 
35.38184103878853 -5.866589971926453 0.4856336872583627 
34.99581541254308 -4.407084740742757 0.2766837431710156 
34.60933912192272 -2.9473819689477017 0.06953166015848941 
34.222043654046274 -1.4877285236189959 -0.14085343562933333 
33.83333986816335 -9.460324075191712e-16 -0.36155225919806855 
47.469629777235824 -29.037666118943086 6.440153680726918 
46.72413446096516 -27.608369043449322 5.901527420839462 
45.97974270876404 -26.179278643200817 5.356101984397683 
45.23610538800296 -24.748243904485403 4.82104299006447 
44.49273224358564 -23.31399797714982 4.310315953965203 
43.749332839652375 -21.876160321985157 3.830441143266708 
43.005807395606325 -20.43481507821252 3.3826802672805156 
42.26217514609608 -18.990225687285385 2.965595976359206 
41.51849205994732 -17.542666562559408 2.5768452056170688 
40.774813929442175 -16.092349220759512 2.214248724940787 
40.031183582745676 -14.639405309571957 1.8761235404805758 
39.28762613598118 -13.183941436580765 1.5610887408462055 
38.54412081261807 -11.726191517184743 1.2671635679435502 
37.80059138288664 -10.266372576185475 0.9924273036743366 
37.55640698495501 -8.810702269594913 0.7234904165416558 
37.311990474502586 -7.35360598675401 0.4691106843202624 
37.0671239408266 -5.895605390151946 0.22310839895045034 
36.821483993572556 -4.437119849438942 -0.02009668500975566 
36.574641559344066 -2.978472709148973 -0.2655213400533935 
36.32593832535408 -1.5200138120996507 -0.5194124075847736 
36.07439930598234 -1.2661387723599373e-15 -0.7916001754628313 
