44.728516299019184 -29.37729193285641 2.346665402073057 
43.61196416385196 -27.906452579612942 2.2399768493608034 
42.49545932649274 -26.43557649836503 2.1337549701924994 
41.378988915231275 -24.964679246533787 2.027802088790398 
40.26253723255289 -23.49377680168792 1.9219151908953285 
39.14608637631836 -22.02288556383478 1.8158858946561514 
38.0296169192411 -20.552022358925406 1.7095004060941223 
36.91310864819955 -19.08120444338063 1.6025394615931452 
35.79654136501978 -17.61044950940021 1.4947782604409603 
34.67989575045353 -16.139775690768683 1.3859863910584036 
33.56315429315008 -14.6692015688205 1.2759277552057096 
32.44630948611918 -13.19873847983064 1.1644583118521659 
31.32938775812571 -11.728364044248622 1.051862420148042 
30.212429163915864 -10.258039339164672 0.9386346425537929 
29.111400122199623 -8.790308625365443 0.8337240642708826 
28.010402473059163 -7.322548653717509 0.7291852422037102 
26.909509431948646 -5.854666921910603 0.6261935296451793 
25.80881315668705 -4.386548737728663 0.526206229374202 
24.708435811732254 -2.918057275661123 0.43096187434111477 
23.608548443960505 -1.4490336814093334 0.3424788997878251 
22.50939928306669 0.0 0.2638667251542773 
45.18229473067526 -29.378805722203087 2.3274308847067453 
44.12799224542238 -27.908399285889423 2.2152416008506677 
43.07370808308273 -26.437980627177765 2.1032076172857836 
42.0194368699899 -24.967554926358797 1.9912631121781483 
40.9651722612919 -23.49712750256136 1.8793404995877232 
39.91090714785265 -22.026703814782348 1.7673704163822408 
38.85663388249892 -20.556289463346268 1.6552817036920282 
37.802344526144125 -19.085890191730766 1.5430013837141214 
36.74803111434537 -17.61551188867955 1.430454632865465 
35.69368594489221 -16.145160590507917 1.317564752487901 
34.639301887048525 -14.674842483489273 1.204253138524976 
33.584875649261015 -13.204561343164723 1.0904718181785384 
32.530417599166206 -11.734309721010531 0.9763154339160982 
31.47594379813094 -10.264074659889477 0.8619486217759297 
30.517946206808723 -8.796804892733476 0.751181161071721 
29.559961116588664 -7.329525386414978 0.6405374481601079 
28.602019372566723 -5.862205338208105 0.5304088687825953 
27.64415967880538 -4.394806556869735 0.42128068869343904 
26.686432282484276 -2.9272834862516834 0.3137317536383887 
25.72890525855085 -1.4595832482256785 0.20843394394138862 
24.771673930414476 0.0 0.10647948406171572 
45.636123625997215 -29.380241463761827 2.30918805851315 
44.644084009151236 -27.91025724177384 2.1916340329924324 
43.6520344247342 -26.440285308419906 2.073923865571499 
42.659976707217744 -24.970320465383743 1.9561236071212926 
41.66791356667755 -23.500357371553644 1.8383011229007238 
40.675848381373136 -22.03039054286247 1.7205260945895977 
39.68378497070112 -20.560414351779666 1.6028700267433853 
38.69172734804326 -19.090423026521027 1.4854062568338242 
37.69967945300126 -17.620410650057245 1.368209967846795 
36.70764486248737 -16.15037115901825 1.2513582022037946 
35.71562648012496 -14.680298342607642 1.1349298755552535 
34.72362501855084 -13.210188414771528 1.0189730942773687 
33.7316352013065 -11.740048861044588 0.9033927456337889 
32.73964982169137 -10.269892694656889 0.788023480859014 
31.92469913413647 -8.803059273106197 0.6717117235580066 
31.10974260141772 -7.3362356346803 0.5552756598703642 
30.29477042201334 -5.869452684636342 0.4383226012714321 
29.479769983469406 -4.402748743275676 0.3203656421666895 
28.664722165372016 -2.9361695378261383 0.20082376303715754 
27.849595030921282 -1.4697681859508327 0.07902203998039022 
27.03433436450065 0.0 -0.0459495749100472 
46.09014896479982 -29.38137338317815 2.2948056586645005 
45.16042367292099 -27.911769712732056 2.1724162673398397 
44.230662787240064 -26.44220286307263 2.049559023561167 
43.300874221829986 -24.972657251528847 1.9264319239369265 
42.37106858267933 -23.503116869738808 1.803238373990905 
41.44125854578542 -22.033565282577243 1.6801872017896504 
40.51145817655756 -20.563985625983374 1.5574926855420557 
39.58168218906392 -19.094360603885093 1.435374592681469 
38.65194514355662 -17.624672484460696 1.3140582273648584 
37.72226058064366 -16.154903096027827 1.193774482708618 
36.79264009041621 -14.685033822900708 1.0747598934274558 
35.86308756736647 -13.215053314078215 0.9571586876657334 
34.93358371435598 -11.74498400095508 0.8406858475294224 
34.004100880088615 -10.274864885014876 0.7248458121831813 
33.33225725274017 -8.808372042869795 0.6042065832255814 
32.66039155632943 -7.3419085201549805 0.48319481558420085 
31.98846005284427 -5.875566962804566 0.3606333310520594 
31.31640713310011 -4.409462243816948 0.23506252979285586 
30.644154234426505 -2.943731428347859 0.10474083387563579 
29.971580931584093 -1.478533706231825 -0.032354455328987425 
29.29849657790041 0.0 -0.17907756777486017 
46.54479359533262 -29.381547497633438 2.2925933247480796 
45.67754484618518 -27.9121930360276 2.1670374348771126 
44.81024327611308 -26.44289999394406 2.0407011359808958 
43.94289932105639 -24.973642386237028 1.9139146006420977 
43.075527829102015 -23.504393515196394 1.7870170554313107 
42.20814702356482 -22.035125969437196 1.6603567950180016 
41.34077736804064 -20.56581162101988 1.534291218760972 
40.473440331015944 -19.0964216211296 1.4091868856079504 
39.606157047469516 -17.626926394718488 1.2854195821723948 
38.73894687479832 -16.15729563459542 1.1633743978295992 
37.87182584030649 -14.687498295533802 1.0434457995846667 
37.00479842791632 -13.217515451017402 0.9258742716279134 
36.13783643765567 -11.747384515505829 0.8101844181754376 
35.270900674680846 -10.277170535122833 0.695549749861514 
34.74235375183367 -8.81071636765567 0.574419112528146 
34.21377522682871 -7.344311100116836 0.4526671426938297 
33.685108578965306 -5.878109222185768 0.32833086286204616 
33.156281430607464 -4.412302289292159 0.19897633052479233 
32.6271870666384 -2.9471188764954235 0.06169922417950591 
32.09765290082198 -1.4828244865910456 -0.08687398905120258 
31.567393178548688 0.0 -0.25135859035848873 
46.99905235639332 -29.382318403030034 2.2827980429466983 
46.19417907502342 -27.913294987525408 2.1530358135366114 
45.38923051227385 -26.444357548792045 2.0221811456681933 
44.5842218427114 -24.975469710499635 1.8906962444420128 
43.77917443314741 -23.506594099358747 1.759055982525304 
42.974114391032735 -22.037692343427345 1.6277479216695854 
42.16907097566118 -20.568725067927502 1.497272365864753 
41.364074868785416 -19.099651889031325 1.368142440295952 
40.5591563010529 -17.630431406181344 1.2408841889227236 
39.75434303051209 -16.161021193623306 1.1160366820645902 
38.949658169313885 -14.691377791949659 0.9941521238515196 
38.14510840610409 -13.22147470571373 0.8755671708537158 
37.34065344923926 -11.751364309258339 0.7596163439482965 
36.53623701424645 -10.281137658213906 0.6451426716527342 
36.15086863197181 -8.814910276798017 0.5211304443205935 
35.7654549455255 -7.348751348272912 0.39624844054331076 
35.379913470967395 -5.882877141843335 0.26774869952737435 
34.99413871984372 -4.417555814535208 0.1322239631999442 
34.60797632847679 -2.9531073441566282 -0.014391471979721349 
34.22117891466138 -1.489903396432433 -0.17682006680479398 
33.83333986816335 0.0 -0.3615522591980688 
47.450055686832364 -29.38812420143077 2.2090283798099875 
46.70670514317527 -27.920122261161193 2.0662870769304456 
45.96321270609353 -26.45223050490492 1.9221457534190514 
45.21961699071916 -24.98440226039865 1.7771974366090502 
44.47596508959527 -23.516589594936253 1.6320511692779531 
43.73231070914006 -22.048743308495666 1.4873320969791792 
42.98871213121306 -20.58081292322378 1.343681601648961 
42.245229995178676 -19.112746669858105 1.2017574741355854 
41.501924895558936 -17.644491471799384 1.0622341165758369 
40.758854790098546 -16.175992927693965 0.9258027637072014 
40.01607221285022 -14.707195293538497 0.7931717102489794 
39.27359968478384 -13.238064560508079 0.664773079293303 
38.53135791960549 -11.76866786725414 0.539753793389371 
37.789226753075894 -10.299121982505985 0.41663016515581197 
37.54604000827589 -8.834708409617964 0.2695713153163731 
37.30275908574859 -7.370382610276041 0.12139719682971972 
37.059164339131506 -5.906422091411045 -0.03141825018285743 
36.814979294967486 -4.443170929671156 -0.19324693405809562 
36.5698374598831 -2.981039601588058 -0.3693044536470042 
36.32322569324967 -1.5205046700577132 -0.5656461146753046 
36.07439930598234 0.0 -0.7916001754628319 
